1111111111111111111111111111111111111111111111111111
1111111111111111111111111111111111111111111111111111
1111111111111111111111111111111111111111111111111111
1111111111111111111111111111111111111111111111111111
1111111111111111111111111111111111111111111111111111
1111111111111112221222122212221222111111111111111111
1111111111111112111121121212121121111111111111111111
1111111111111112111121121212121121111111111111111111
1111111111111112221121122212221121111111111111111111
1111111111111111121121121212211121111111111111111111
1111111111111112221121121212121121111111111111111111
1111111111111111111111111111111111111111111111111111
1111111111111111111111111111111111111111111111111111
1111111111111111111111111111111111111111111111111111
1111111111111111111111111111111111111111111111111111
1111111111111111111111111111111111111111111111111111
1111111111111111111111111111111111111111111111111111
1111111111111111111111111111111111111111111111111111
1111111111111111111111111111111111111111111111111111
1111111111111111111111111111111111111111111111111111
1111111111111111111111111111111111111111111111111111
1111111111111111111111111111111111111111111111111111